Feature	Gain	Cover	Frequency
ctrx_quarter	0.060402878208618	0.0355552725675071	0.0116530143606265
ctrx_quarter_lag1	0.0546803008975382	0.0157687647110941	0.0104877129245639
mcaja_ahorro_rank	0.0469813284174104	0.0181711455787652	0.0113445522157864
mcuentas_saldo_rank	0.0255991018847724	0.0355026691491866	0.0152517393837612
mtarjeta_visa_consumo_rank	0.0237248396941349	0.0329713852680271	0.00921959077355451
cpayroll_trx	0.0227537878107125	0.0460565687305176	0.00356445145148576
mpayroll_rank	0.0168638067904143	0.0521529938514858	0.00555231860712205
ctarjeta_visa_transacciones	0.0166835019973824	0.0121516483373525	0.00654625218494019
foto_mes	0.0157496057156711	0.0150677102084337	0.0120300236487644
numero_de_cliente	0.0151249616238381	0.00639427811799309	0.0231346608630085
mprestamos_personales_rank	0.0150284374480691	0.0301087491286558	0.00846557219727868
Master_fechaalta	0.0144406414424243	0.0082506459749047	0.0164855879631216
ctrx_quarter_delta2	0.0140114385812907	0.00379529043443673	0.0134009665147205
Visa_mpagominimo_rank	0.013615419116052	0.0237236642895671	0.0129896836549337
mrentabilidad_annual_rank_delta2	0.0136113251216796	0.00787859690347946	0.0169654179662063
mrentabilidad_rank	0.0130344881244542	0.00401739204521992	0.0108989957843507
Visa_fechaalta	0.0129098833652784	0.00457238890675462	0.0155944751002502
cliente_edad	0.0127877232258578	0.00818232620742215	0.0185420022620557
cliente_edad_lag1	0.011030919930583	0.00698069227872489	0.012886862939987
cliente_antiguedad	0.0108417355973934	0.0043165416487503	0.0136408815162628
mrentabilidad_annual_rank_lag2	0.0105167418226129	0.0110176535347181	0.0118929293621688
mrentabilidad_annual_rank	0.0104053574859483	0.00544056089682151	0.0121328443637111
mcuenta_corriente_rank	0.0101985846607818	0.0118250944471585	0.013572334372965
mrentabilidad_rank_lag1	0.010168386079574	0.00480287380235445	0.00949377934674573
mcomisiones_rank_lag1	0.00983139767790541	0.00905381208965022	0.0126126743667958
mrentabilidad_annual_rank_lag1	0.00920913303443751	0.00590922409194181	0.0122013915070089
mcomisiones_rank_delta2	0.00919974282109749	0.00348487482948855	0.00925386434520341
mcuentas_saldo_rank_lag1	0.00872372404351694	0.00465491282911384	0.00867121362717209
mcomisiones_rank_lag2	0.00863569689711121	0.00571550615230855	0.00822565719573637
ctrx_quarter_delta1	0.00863417003610084	0.00461386491580152	0.0102820714946705
cproductos	0.00862704765292992	0.032666014417131	0.0119272029338177
Visa_status_delta1	0.00861462490385452	0.000427347336995681	0.000582650718031326
mrentabilidad_rank_delta2	0.00854952673971936	0.00269986120581917	0.00966514720499023
chomebanking_transacciones_delta1	0.00843254894044453	0.00527772436676079	0.0100421564931281
mcomisiones_rank	0.00827871278670347	0.0214232533620114	0.0144291736641875
chomebanking_transacciones	0.00824458190203409	0.00469452246395101	0.010796175069404
mactivos_margen_rank_lag1	0.00822554478412305	0.0069182796164144	0.0106933543544573
Master_fechaalta_lag2	0.00802002421860605	0.00274947411364842	0.00969942077663913
mcaja_ahorro_rank_delta2	0.00797794107118959	0.00325036460205354	0.00956232649004353
cliente_edad_lag2	0.00792604719309194	0.0119752544157551	0.0131953250848271
chomebanking_transacciones_lag1	0.00787995549431412	0.00345358380313401	0.0090139493436611
Master_fechaalta_lag1	0.00776961062602661	0.00331294357493718	0.010796175069404
cproductos_delta2	0.00753873292014973	0.00972930096142787	0.00466120574425061
ctrx_quarter_lag2	0.00753435469702565	0.00730526584116833	0.00956232649004353
mpasivos_margen_rank	0.007530060880424	0.0038189280946012	0.00822565719573637
mcuenta_corriente_rank_delta1	0.00744867107163768	0.00548055550983726	0.00928813791685231
cliente_antiguedad_lag2	0.00738568884804575	0.00386482981278899	0.00719745004626932
mactivos_margen_rank_delta2	0.00732156196214511	0.00372575105608446	0.0103506186379683
ctarjeta_visa_transacciones_lag1	0.00728362677265987	0.00736111539549049	0.0067176200431847
mcuenta_corriente_rank_delta2	0.00727828825840787	0.00402965591007659	0.00880830791376769
mactivos_margen_rank	0.00716019198805604	0.00787114064611682	0.011138910785893
mcuenta_corriente_rank_lag1	0.0071015659541003	0.0084994157940741	0.00860266648387428
Visa_mpagominimo_rank_delta1	0.00703757692969742	0.00274523011420781	0.00829420433903417
Visa_fechaalta_lag2	0.0068566468501135	0.00430461040503992	0.0118586557905199
mcuentas_saldo_rank_lag2	0.00682742809186696	0.00282085214778156	0.00825993076738527
cliente_antiguedad_lag1	0.00670765710286865	0.00510313214303912	0.0105562600678617
mcuenta_corriente_rank_lag2	0.00650251171412963	0.00485233887856312	0.00815711005243857
mrentabilidad_rank_lag2	0.00635346977174251	0.00300064927647756	0.00867121362717209
kmes	0.00630570553372788	0.00359419631290199	0.00726599718956713
mcuentas_saldo_rank_delta2	0.00626633295430325	0.00498604949954562	0.0100421564931281
Visa_mpagominimo_rank_lag2	0.00617526241015465	0.00529882733059753	0.00726599718956713
mcaja_ahorro_rank_lag1	0.00606737397464487	0.00535528669035455	0.00688898790142921
chomebanking_transacciones_delta2	0.00605262632237577	0.00489639578131919	0.00863694005552319
mcaja_ahorro_rank_delta1	0.00604002819091547	0.00471946289027178	0.00959660006169243
mcuentas_saldo_rank_delta1	0.00597275769536278	0.00496906426230691	0.00973369434828803
chomebanking_transacciones_lag2	0.00585645665273142	0.00355028416194106	0.00716317647462042
mrentabilidad_annual_rank_delta1	0.00583507355865095	0.00833486072142422	0.0137779758028584
mpasivos_margen_rank_delta2	0.00562882369781692	0.00380198597491849	0.00973369434828803
Visa_mpagominimo_rank_lag1	0.00558508374319387	0.00643402326514912	0.00836275148233198
mrentabilidad_rank_delta1	0.00540867646788723	0.00375001392081094	0.00798574219419406
mcomisiones_rank_delta1	0.00540229117023578	0.00532910509438606	0.00939095863179902
Master_mpagominimo_rank	0.00531869661135404	0.0121817936686476	0.00599787503855777
mpasivos_margen_rank_lag1	0.00520938052496786	0.00314960811315702	0.00771155362100285
mactivos_margen_rank_delta1	0.00493796490686042	0.00426051654437871	0.0090139493436611
kmes_lag2	0.00488087276697321	0.00191716669069752	0.00562086575041985
mcaja_ahorro_rank_lag2	0.00487712945353458	0.00784841461427921	0.00798574219419406
mprestamos_personales_rank_delta1	0.00483486722348531	0.0100379672255326	0.00620351646845118
ctarjeta_visa_transacciones_lag2	0.00482321122446222	0.00302769938321691	0.00490112074579292
Visa_mpagominimo_rank_delta2	0.00464770887934812	0.00473164052001645	0.00651197861329129
cdescubierto_preacordado	0.0045800685702319	0.004764914953947	0.00311889502005004
Visa_fechaalta_lag1	0.00432312317782344	0.00422319214000955	0.0105562600678617
ccomisiones_mantenimiento	0.00428506396764739	0.0174114111622138	0.00517530931898413
mpasivos_margen_rank_delta1	0.0042158906090453	0.00269632864605257	0.00836275148233198
ccallcenter_transacciones_delta1	0.00420842693097524	0.00223989543770922	0.00332453644994345
mprestamos_personales_rank_lag1	0.0041977748145483	0.00525950411952522	0.0044555643143572
mprestamos_personales_rank_delta2	0.00416991786346238	0.00880754924837969	0.00514103574733523
mtarjeta_visa_consumo_rank_lag1	0.00404595671490906	0.00704974196483401	0.00637488432669569
mprestamos_personales_rank_lag2	0.00403876257725374	0.00305539317347085	0.0044212907427083
mpasivos_margen_rank_lag2	0.00370651645476696	0.00379104643499612	0.0067518936148336
ccomisiones_mantenimiento_delta2	0.00366236582371342	0.0113294704602363	0.00366727216643246
mtarjeta_visa_consumo_rank_delta2	0.00355439862358501	0.00512340047418471	0.00596360146690887
ctarjeta_visa_transacciones_delta1	0.00349278728731778	0.00428311938319917	0.00538095074887754
mactivos_margen_rank_lag2	0.00347449990630927	0.00548485494613558	0.00829420433903417
cproductos_lag2	0.00340263032746838	0.00574822313783653	0.00514103574733523
mtarjeta_visa_consumo_rank_lag2	0.00339890515601876	0.00354957580209249	0.00479830003084622
ctarjeta_visa_transacciones_delta2	0.00338818210021646	0.0112224865643232	0.00658052575658909
cproductos_lag1	0.00319131731154253	0.010379449029579	0.00544949789217534
ccallcenter_transacciones_delta2	0.003110835150743	0.00273194990695971	0.00270761216026322
mtarjeta_visa_consumo_rank_delta1	0.00307759217853161	0.00366197711093452	0.00500394146073962
ccomisiones_mantenimiento_delta1	0.0030265315776623	0.00742091020618668	0.00301607430510333
kmes_lag1	0.00300471048773536	0.00334391737927257	0.00606642218185557
Master_status	0.0029646063215843	0.00437174751955788	0.00243342358707201
Master_mpagominimo_rank_lag1	0.00285298451113697	0.0049374744928858	0.00383864002467697
Visa_status	0.00282668939608369	0.00700149957932049	0.00329026287829455
cproductos_delta1	0.00276965420641439	0.0074090651975883	0.00308462144840114
internet_lag1	0.00275046539700563	0.00450855336509611	0.00253624430201871
cpayroll_trx_lag2	0.00260548533880346	0.00570850878893478	0.00157658429584947
Master_mpagominimo_rank_delta1	0.00238365070216596	0.00288716694891008	0.00418137574116599
Master_mpagominimo_rank_delta2	0.00233184155414548	0.000995796876002483	0.00346163073653905
mpayroll_rank_delta2	0.00229528733490669	0.0072891398752242	0.00339308359324125
cpayroll_trx_lag1	0.00221163145716318	0.00563003483701416	0.00174795215409398
mtarjeta_master_consumo_rank	0.00215651935598897	0.00898355511197309	0.00318744216334784
mpayroll_rank_lag1	0.00211165501231565	0.00446471512994547	0.00281043287520993
Master_mpagominimo_rank_lag2	0.00210559476239991	0.00147152519065598	0.00315316859169894
mpayroll_rank_lag2	0.00192558811195569	0.00331280498279289	0.00260479144531652
ccallcenter_transacciones	0.00192059273437591	0.00607500493511227	0.00387291359632587
mtarjeta_master_consumo_rank_delta1	0.00187432547309667	0.00503494788787543	0.00308462144840114
cdescubierto_preacordado_lag2	0.00163711517034675	0.000132959143577914	0.000685471432978031
ccallcenter_transacciones_lag2	0.00162195173681801	0.000742496633627614	0.00191932001233849
ccallcenter_transacciones_lag1	0.00155053025966927	0.0021090244157719	0.00257051787366762
mpayroll_rank_delta1	0.00152580417057188	0.00866326558670083	0.00394146073962368
cdescubierto_preacordado_delta1	0.00146357968302007	0.00746565083018789	0.0022277821571786
mtarjeta_master_consumo_rank_lag1	0.00146247701962222	0.00448413958892363	0.00246769715872091
mtarjeta_master_consumo_rank_delta2	0.00140926139947854	0.00692962877311877	0.00373581930973027
ccomisiones_mantenimiento_lag2	0.00130217088956761	0.00784137721317487	0.00253624430201871
mtarjeta_master_consumo_rank_lag2	0.00118759932296411	0.00114461096088681	0.00198786715563629
cliente_edad_delta2	0.00114938011431729	0.000235714439177587	0.00157658429584947
cdescubierto_preacordado_delta2	0.00105769654169081	0.00205157951187773	0.000959660006169243
ccomisiones_mantenimiento_lag1	0.00104766597980196	0.0025229221551209	0.0021249614422319
internet_lag2	0.000921509347328515	0.000571775750469686	0.00164513143914727
cpayroll_trx_delta2	0.000900400995099856	0.000965682342961672	0.00106248072111595
internet_delta2	0.000822884176101124	0.000281696232826524	0.00167940501079618
cpayroll_trx_delta1	0.000785272350098572	0.000477215870335506	0.00109675429276485
cdescubierto_preacordado_lag1	0.000686282252359569	0.000198839689321008	0.000651197861329129
Master_fechaalta_delta2	0.000665910640809154	0.000120184027700098	0.00116530143606265
internet_delta1	0.000659387232116715	0.000191481986372093	0.00109675429276485
Master_fechaalta_delta1	0.000645243474453949	4.9295685810106e-05	0.000822565719573637
Visa_fechaalta_delta2	0.000563515715695678	0.000566148909411641	0.00154231072420057
Visa_status_lag1	0.000506313270825505	0.00111923319935518	0.000788292147924735
cliente_edad_delta1	0.000496471995987988	0.000380105894746449	0.00116530143606265
Visa_fechaalta_delta1	0.000403134774743387	0.000109654104559728	0.000993933577818144
internet	0.000361613064216556	0.00113958160596191	0.00116530143606265
Master_status_delta1	0.00033002733312878	0.000362634045090024	0.000754018576275834
Master_status_lag1	0.000302785858795226	0.000157647024213538	0.000479830003084622
Visa_status_lag2	0.00026041391225272	0.000109053538601152	0.000274188573191212
Master_status_delta2	0.000198691410045653	0.000601326675457063	0.000274188573191212
Master_status_lag2	0.000143703853537539	0.000485937935949289	0.000342735716489015
Visa_status_delta2	0.000137747693930493	0.000206369862493925	0.000205641429893409
kmes_delta2	0.000122109997933965	0.000240275660637338	0.000342735716489015
kmes_delta1	8.89354398645726e-05	9.77844573579198e-06	0.000171367858244508
